5 0.12009803921568628 0.36151960784313725 0.12254901960784313 0.23774509803921567
5 0.28513071895424835 0.21446078431372548 0.119281045751634 0.23284313725490197
5 0.4305555555555556 0.21446078431372548 0.119281045751634 0.23284313725490197
5 0.576797385620915 0.21323529411764705 0.12091503267973856 0.23529411764705882
5 0.7246732026143791 0.21323529411764705 0.119281045751634 0.23039215686274508
5 0.8782679738562091 0.21446078431372548 0.119281045751634 0.23284313725490197
5 0.28513071895424835 0.49264705882352944 0.119281045751634 0.23529411764705882
5 0.4305555555555556 0.4963235294117647 0.119281045751634 0.23284313725490197
5 0.5776143790849673 0.49387254901960786 0.119281045751634 0.23284313725490197
5 0.7230392156862745 0.49387254901960786 0.119281045751634 0.23284313725490197
5 0.875 0.49387254901960786 0.119281045751634 0.23284313725490197
5 0.2834967320261438 0.7745098039215687 0.119281045751634 0.23529411764705882
5 0.43137254901960786 0.7757352941176471 0.11764705882352941 0.23774509803921567
5 0.5776143790849673 0.7757352941176471 0.119281045751634 0.23284313725490197
5 0.7222222222222222 0.7781862745098039 0.11764705882352941 0.22794117647058823
5 0.8733660130718954 0.7745098039215687 0.119281045751634 0.23039215686274508
