9 0.09803921568627451 0.17834394904458598 0.1830065359477124 0.28874734607218683
9 0.29820261437908496 0.17940552016985137 0.184640522875817 0.2951167728237792
9 0.49754901960784315 0.18046709129511676 0.1781045751633987 0.2929936305732484
9 0.6985294117647058 0.17940552016985137 0.18137254901960784 0.2908704883227176
9 0.8978758169934641 0.18046709129511676 0.1781045751633987 0.2929936305732484
9 0.10049019607843138 0.4978768577494692 0.1781045751633987 0.2908704883227176
9 0.29820261437908496 0.4978768577494692 0.18137254901960784 0.2951167728237792
9 0.49836601307189543 0.5 0.1830065359477124 0.2951167728237792
9 0.6993464052287581 0.4978768577494692 0.1830065359477124 0.2951167728237792
9 0.8954248366013072 0.5 0.1830065359477124 0.29936305732484075
9 0.09967320261437909 0.8184713375796179 0.1830065359477124 0.2951167728237792
9 0.29901960784313725 0.8195329087048833 0.17973856209150327 0.2929936305732484
9 0.49754901960784315 0.8174097664543525 0.18137254901960784 0.2929936305732484
9 0.6985294117647058 0.8174097664543525 0.18137254901960784 0.2929936305732484
9 0.8978758169934641 0.8174097664543525 0.184640522875817 0.29723991507430997
