9 0.06862745098039216 0.09568480300187618 0.13725490196078433 0.19136960600375236
9 0.2826797385620915 0.09287054409005628 0.13725490196078433 0.18574108818011256
9 0.49754901960784315 0.09287054409005628 0.14215686274509803 0.18574108818011256
9 0.7156862745098039 0.09568480300187618 0.13398692810457516 0.19136960600375236
9 0.9305555555555556 0.0947467166979362 0.13562091503267973 0.1894934333958724
9 0.0661764705882353 0.6125703564727955 0.1323529411764706 0.19699812382739212
9 0.23937908496732027 0.6116322701688556 0.13562091503267973 0.1951219512195122
9 0.41094771241830064 0.6097560975609756 0.1388888888888889 0.19887429643527205
9 0.5841503267973857 0.6116322701688556 0.1388888888888889 0.19887429643527205
9 0.7573529411764706 0.6144465290806754 0.1388888888888889 0.20075046904315197
9 0.9305555555555556 0.6106941838649156 0.13562091503267973 0.20075046904315197
