0 0.0825 0.027900146842878122 0.037 0.04698972099853157
0 0.1835 0.0513950073421439 0.039 0.1027900146842878
0 0.2285 0.0513950073421439 0.049 0.1027900146842878
0 0.28 0.0513950073421439 0.058 0.1027900146842878
0 0.339 0.06240822320117474 0.058 0.11894273127753303
0 0.3755 0.06461086637298091 0.027 0.12922173274596183
0 0.618 0.04698972099853157 0.042 0.09397944199706314
0 0.9585 0.0697503671071953 0.043 0.12187958883994127
0 0.8975 0.1343612334801762 0.073 0.2687224669603524
1 0.2375 0.3641703377386197 0.475 0.5374449339207048
1 0.5225 0.47577092511013214 0.787 0.775330396475771
