0 0.046 0.44243070362473347 0.068 0.35181236673773986
0 0.16 0.40831556503198296 0.058666666666666666 0.16844349680170576
0 0.22333333333333333 0.39339019189765456 0.044 0.11727078891257996
0 0.33866666666666667 0.35074626865671643 0.064 0.12153518123667377
0 0.526 0.3006396588486141 0.044 0.07249466950959488
0 0.742 0.3400852878464819 0.036 0.08742004264392324
0 0.7026666666666667 0.3326226012793177 0.02666666666666667 0.0767590618336887
0 0.2826666666666667 0.36886993603411516 0.04533333333333334 0.11940298507462686
0 0.12133333333333333 0.5287846481876333 0.064 0.11513859275053305
1 0.5033333333333333 0.5266524520255863 0.8253333333333334 0.3880597014925373
1 0.888 0.43923240938166314 0.22133333333333333 0.2515991471215352
