9 0.10947712418300654 0.18295454545454545 0.16339869281045752 0.2840909090909091
9 0.3047385620915033 0.18522727272727274 0.1650326797385621 0.27954545454545454
9 0.49754901960784315 0.18181818181818182 0.16176470588235295 0.2818181818181818
9 0.690359477124183 0.18295454545454545 0.15849673202614378 0.27954545454545454
9 0.886437908496732 0.18522727272727274 0.16176470588235295 0.27954545454545454
9 0.1111111111111111 0.5045454545454545 0.1568627450980392 0.2772727272727273
9 0.3047385620915033 0.5022727272727273 0.15849673202614378 0.2681818181818182
9 0.49836601307189543 0.5 0.16013071895424835 0.2681818181818182
9 0.6928104575163399 0.5022727272727273 0.16013071895424835 0.2772727272727273
9 0.8856209150326797 0.5022727272727273 0.16013071895424835 0.2727272727272727
9 0.10947712418300654 0.8181818181818182 0.16013071895424835 0.2727272727272727
9 0.30718954248366015 0.8159090909090909 0.16339869281045752 0.2772727272727273
9 0.49836601307189543 0.8193181818181818 0.16339869281045752 0.275
9 0.6928104575163399 0.8159090909090909 0.16013071895424835 0.2818181818181818
9 0.8848039215686274 0.8159090909090909 0.15849673202614378 0.2772727272727273
