2 0.803125 0.2111111111111111 0.046875 0.28888888888888886
2 0.8765625 0.1388888888888889 0.05625 0.18333333333333332
2 0.70390625 0.18611111111111112 0.0390625 0.20555555555555555
2 0.07421875 0.34444444444444444 0.0484375 0.2
2 0.628125 0.2513888888888889 0.059375 0.14722222222222223
2 0.36015625 0.2111111111111111 0.0359375 0.12777777777777777
2 0.3921875 0.1986111111111111 0.028125 0.13055555555555556
2 0.46640625 0.21666666666666667 0.0359375 0.08333333333333333
2 0.51953125 0.21805555555555556 0.0265625 0.09166666666666666
1 0.5140625 0.5722222222222222 0.81875 0.6333333333333333
